Element["" "OSC_TCXO" "" "" 0 0 0 0 0 100 ""]
(
	Pad[-17519 -15000 -15551 -15000 5512 1600 6112 "" "1" "square"]
	Pad[-17519 15000 -15551 15000 5512 1600 6112 "" "2" "square"]
	Pad[15551 -15000 17519 -15000 5512 1600 6112 "" "3" "square"]
	Pad[15551 15000 17519 15000 5512 1600 6112 "" "4" "square"]
	ElementLine[21775 22441 -21775 22441 1000]
	ElementLine[-21775 22441 -21775 -22441 1000]
	ElementLine[-21775 -22441 21775 -22441 1000]
	ElementLine[21775 -22441 21775 22441 1000]
	ElementLine[0 -20441 -2000 -22441 1000]
	ElementLine[0 -20441 2000 -22441 1000]
	ElementArc[-12500 -14000 300 300 0 360 700]
)
