Element["" "TF-6" "" "" 0 0 0 0 0 100 ""]
(
	Pad[-10750 -10250 -10750 -9750 4500 1600 5100 "" "1" "square"]
	Pad[-10750 -250 -10750 250 4500 1600 5100 "" "2" "square"]
	Pad[-10750 9750 -10750 10250 4500 1600 5100 "" "3" "square"]
	Pad[10750 -10250 10750 -9750 4500 1600 5100 "" "4" "square"]
	Pad[10750 -250 10750 250 4500 1600 5100 "" "5" "square"]
	Pad[10750 9750 10750 10250 4500 1600 5100 "" "6" "square"]
	ElementLine[14500 22441 -14500 22441 1000]
	ElementLine[-14500 22441 -14500 -22441 1000]
	ElementLine[-14500 -22441 14500 -22441 1000]
	ElementLine[14500 -22441 14500 22441 1000]
	ElementLine[0 -20441 -2000 -22441 1000]
	ElementLine[0 -20441 2000 -22441 1000]
	ElementArc[0 -8000 1000 1000 0 360 700]
	ElementArc[-5000 -8000 1000 1000 0 360 700]
	ElementArc[5000 -8000 1000 1000 0 360 700]
)
