Element["" "XTAL" "" "" 0 0 0 0 0 100 ""]
(
	Pad[-8660 -10039 -7874 -10039 7087 1600 7687 "" "1" "square"]
	Pad[-8660 10040 -7874 10040 7087 1600 7687 "" "2" "square"]
	Pad[7874 -10039 8660 -10039 7087 1600 7687 "" "3" "square"]
	Pad[7874 10040 8660 10040 7087 1600 7687 "" "4" "square"]
	ElementLine[13704 15083 -13704 15083 1000]
	ElementLine[-13704 15083 -13704 -15083 1000]
	ElementLine[-13704 -15083 13704 -15083 1000]
	ElementLine[13704 -15083 13704 15083 1000]
	ElementLine[0 -13083 -2000 -15083 1000]
	ElementLine[0 -13083 2000 -15083 1000]
	ElementArc[-12500 -14000 300 300 0 360 700]
)
